9788416315321
9788492569090
9788493292171
9788493473693
9788821429163
9788821429231
9788821430251
9788821430824
9788821430831
9788821430930
9788821431166
9788821431470
9788821431593
9788821437021
9788821437977
9788821437991
9788821438622
9788821438868
9788821439087
9788821440274
9788821440588
9788821440663
9788821441356
9788821441615
9788821442278
9788821442650
9788821443961
9788821444494
9788821444654
9788821445668
9788821446979
9788821447037
9788821447129
9788821448416
9788821449383
9788821450570
9788821450884
9788821452079
